订单ID	商品ID	售价（单价）	颜色ID	尺码ID	购买数量
338895	394362	17.32	1162	5	1
338896	394363	43.05	1026	192	2
338897	394364	39.9	1025	192	1
338898	394365	26.25	1017	120	1
338899	394366	40.95	1018	5	1
338900	394367	39.9	1017	5	1
338901	394368	63	1025	1	1
338902	394369	54.6	1017	5	1
338903	394370	74.55	1027	5	1
338904	394371	70.35	1017	1	1
338905	394372	2.63	1017	5	1
338906	394373	4.73	1017	5	1
338907	394374	35.7	1119	5	1
338908	394375	54.6	1026	5	1
338909	394376	113.4	1017	9	1
338910	394377	37.8	1029	1	1
338911	394378	127.05	1031	5	1
338912	394379	39.9	1018	5	1
338913	394380	37.8	1025	4	1
338914	394381	37.8	1025	1	1
338915	394382	4.73	1017	5	1
338916	394383	21	1162	5	1
338917	394384	4.73	1017	5	1
338918	394385	63	1017	5	1
338919	394386	63	1026	5	1
338920	394387	86.1	1018	5	1
338921	394388	65.1	1017	5	1
338922	394389	168	1024	4	1
338923	394390	168	1024	1	1
338924	394391	168	1024	2	1
338925	394392	2.63	1017	5	1
338926	394393	4.73	1017	5	1
338927	394394	157.5	1017	4	1
338928	394395	157.5	1017	1	1
338929	394396	157.5	1017	2	1
338930	394397	136.5	1017	2	1
338931	394398	57.2	1017	3	1
338932	394399	37.8	1018	5	1
338933	394400	56.7	1018	5	1
338934	394401	37.8	1017	202	1
338935	394402	41.8	1018	5	1
338936	394403	64.05	1032	5	1
338937	394404	75.6	1119	5	1
338938	394405	33.6	1278	5	1
338939	394406	43.05	1015	5	1
338940	394407	86.1	1017	5	7
338941	394408	2.63	1017	5	1
338942	394409	44.1	1016	5	1
338943	394410	11.03	1017	5	1
338944	394411	11.03	1331	5	1
338945	394412	21	1018	5	1
338946	394413	17.32	1162	5	1
338947	394414	23.1	1196	5	1
338948	394415	41.8	1018	2	1
338949	394416	14.7	1018	5	1
338950	394417	59.85	1017	5	1
338951	394418	21	1162	5	1
338952	394419	34.65	1017	5	1
338953	394420	60.9	1017	5	1
338954	394421	18.9	1017	5	2
338955	394422	18.9	1018	5	1
338956	394423	72.45	1031	1	1
338957	394424	33.6	1018	5	1
338958	394425	44.1	1023	5	1
338959	394426	44.1	2875	5	1
338960	394427	24.15	1017	5	1
338961	394428	24.15	1018	5	1
338962	394429	26.25	1018	5	1
338963	394430	231	1016	4	1
338964	394431	126	2330	4	1
338965	394432	178.5	1024	5	1
338966	394433	85.05	1025	3	1
338967	394434	69.3	1026	5	1
338968	394435	22.05	2480	5	1
338969	394436	64.05	1017	5	1
338970	394437	2.63	1017	5	1
338971	394438	6.3	1017	5	1
338972	394439	47.3	1025	1	1
338973	394440	8.4	2797	5	1
338974	394441	31.5	1017	119	1
338975	394442	26.25	1017	119	1
338976	394443	32.55	1017	190	1
338977	394444	59.85	1017	1	1
338978	394445	11.03	1331	5	1
338979	394446	18.9	1017	5	1
338980	394447	33.6	1196	5	1
338981	394448	8.4	2797	5	1
338982	394449	26.25	1017	119	1
338983	394450	32.55	1017	190	1
338984	394451	59.85	1017	1	1
338985	394452	11.03	1331	5	1
338986	394453	18.9	1018	5	1
338987	394454	25.2	1196	5	1
338988	394455	57.75	1017	1	1
338989	394456	41.8	1017	1	1
338990	394457	58.3	1018	2	1
338991	394458	91.3	1018	2	1
338992	394459	71.4	1018	5	1
338993	394460	45.15	1017	1	1
338994	394461	30.45	1018	5	1
338995	394462	24.15	1018	5	1
338996	394463	24.15	1018	5	1
338997	394464	24.15	1018	5	1
338998	394465	18.9	1018	5	1
338999	394466	29.4	1018	5	1
339000	394467	29.4	1016	5	1
339001	394468	18.9	1017	5	2
339002	394469	18.9	1018	5	2
339003	394470	48.3	1017	4	1
339004	394471	48.3	1017	1	1
339005	394472	48.3	1026	4	1
339006	394473	93.5	1018	1	1
339007	394474	48.3	2811	5	1
339008	394475	39.9	1621	5	1
339009	394476	197.4	1031	2	1
339010	394477	157.5	1024	1	1
339011	394478	5.25	1017	5	1
339012	394479	29.4	1025	5	1
339013	394480	71.4	1025	1	1
339014	394481	58.8	1018	5	1
339015	394482	54.6	1028	4	1
339016	394483	54.6	1028	1	1
339017	394484	75.6	1017	8	1
339018	394485	54.6	1024	4	1
339019	394486	54.6	1024	1	1
339020	394487	55.65	1018	5	1
339021	394488	33.6	1196	5	1
339022	394489	55.65	1018	5	1
339023	394490	26.25	1025	5	1
339024	394491	21	1196	5	1
339025	394492	55.65	1024	4	1
339026	394493	60.9	1027	5	1
339027	394494	86.1	1017	4	1
339028	394495	141.75	1152	2	1
339029	394496	157.5	1031	2	1
339030	394497	118.65	1028	5	2
339031	394498	75.6	1018	1	1
339032	394499	131.25	1018	2	1
339033	394500	57.75	1017	2	1
339034	394501	54.6	1018	2	1
339035	394502	158.55	1026	5	1
339036	394503	86.1	1018	4	1
339037	394504	86.1	1018	1	1
339038	394505	85.05	1025	4	1
339039	394506	85.05	1025	1	1
339040	394507	85.05	1025	2	1
339041	394508	116.55	1017	1	1
339042	394509	116.55	1018	1	1
339043	394510	84	1018	5	1
339044	394511	84	1028	5	1
339045	394512	65.1	1018	4	1
339046	394513	65.1	1018	1	1
339047	394514	86.1	1018	5	1
339048	394515	59.85	1017	4	1
339049	394516	59.85	1017	1	1
339050	394517	59.85	1017	2	2
339051	394518	24.15	1162	5	1
339052	394519	33.6	1018	5	1
339053	394520	39.9	1017	5	1
339054	394521	75.6	1015	5	1
339055	394522	29.4	1018	5	1
339056	394523	42	1018	5	1
339057	394524	81.9	1018	5	1
339058	394525	47.25	1017	1	1
339059	394526	141.75	1152	2	1
339060	394527	157.5	1031	2	1
339061	394528	118.65	1028	5	2
339062	394529	75.6	1018	1	1
339063	394530	131.25	1018	2	1
339064	394531	57.75	1017	2	1
339065	394532	54.6	1018	2	1
339066	394533	85.05	1024	2	1
339067	394534	81.9	1024	2	1
339068	394535	34.65	1025	5	1
339069	394536	75.6	1017	4	1
339070	394537	33.6	1015	5	1
339071	394538	64.05	1018	5	1
339072	394539	50.4	1018	5	1
339073	394540	89.25	1018	4	1
339074	394541	107.1	1017	5	1
339075	394542	57.75	1028	5	1
339076	394543	40.95	1016	1	1
339077	394544	4.73	1017	5	1
339078	394545	39.9	1017	1	1
339079	394546	96.6	1016	5	2
339080	394547	21	1162	5	1
339081	394548	4.73	1017	5	1
339082	394549	11.03	1017	5	1
339083	394550	57.75	2033	5	1
339084	394551	44.1	1017	5	1
339085	394552	44.1	1025	5	1
339086	394553	29.4	1017	5	1
339087	394554	39.9	1017	5	1
339088	394555	54.6	1040	5	1
339089	394556	197.4	1017	2	1
339090	394557	178.5	2409	2	1
339091	394558	99	1040	1	1
339092	394559	24.15	1196	5	1
339093	394560	2.63	1017	5	1
339094	394561	6.3	1017	5	1
339095	394562	8.4	2390	5	1
339096	394563	44.1	1028	192	1
339097	394564	13.65	1040	5	1
339098	394565	85.05	1032	1	1
339099	394566	26.25	1018	5	1
339100	394567	59.85	1017	1	1
339101	394568	18.9	1017	5	2
339102	394569	18.9	1018	5	2
339103	394570	136.5	1017	4	1
339104	394571	14.7	1017	5	3
339105	394572	51.45	1025	1	1
339106	394573	51.45	1025	2	1
339107	394574	106.05	1026	1	1
339108	394575	54.6	1162	5	1
339109	394576	39.9	1018	5	1
339110	394577	31.5	1018	5	1
339111	394578	31.5	1028	5	1
339112	394579	31.5	1698	5	1
339113	394580	2.63	1017	5	1
339114	394581	39.9	1018	5	1
339115	394582	30.45	1084	5	1
339116	394583	37.8	1072	5	1
339117	394584	37.8	1196	5	1
339118	394585	63.8	1018	1	1
339119	394586	4.73	1017	5	1
339120	394587	42	1017	5	1
339121	394588	50.4	1026	190	1
339122	394589	50.4	1016	190	1
339123	394590	65.1	1018	5	1
339124	394591	39.9	1017	5	1
339125	394592	85.05	1017	5	1
339126	394593	81.9	1018	5	1
339127	394594	147	1026	2	1
339128	394595	52.8	1016	2	1
339129	394596	57.75	1025	5	1
339130	394597	2.63	1017	5	1
339131	394598	43.05	1025	4	1
339132	394599	43.05	1025	3	1
339133	394600	75.6	1030	5	1
339134	394601	29.4	1017	5	1
339135	394602	21	1017	5	1
339136	394603	21	1016	5	1
339137	394604	24.15	2917	5	1
339138	394605	43.05	1018	5	1
339139	394606	43.05	1028	5	1
339140	394607	43.05	1015	5	1
339141	394608	26.25	1017	5	4
339142	394609	50.4	1040	5	1
339143	394610	74.8	1017	2	1
339144	394611	9.45	1017	5	1
339145	394612	8.93	1017	5	1
339146	394613	49.35	1017	5	1
339147	394614	2.63	1017	5	1
339148	394615	44.1	1602	5	1
339149	394616	56.7	1324	5	1
339150	394617	75.6	1017	4	2
339151	394618	75.6	1017	1	2
339152	394619	147	1026	4	1
339153	394620	147	2681	1	1
339154	394621	2.63	1017	5	10
339155	394622	126	1024	1	2
339156	394623	178.5	1015	4	1
339157	394624	25.2	1196	5	1
339158	394625	21	1162	5	1
339159	394626	21	1196	5	1
339160	394627	19.95	1196	5	1
339161	394628	54.6	1017	5	1
339162	394629	43.05	1017	5	1
339163	394630	43.05	1040	5	1
339164	394631	43.05	1018	5	1
339165	394632	43.05	1015	5	1
339166	394633	53.55	1018	5	1
339167	394634	74.55	1027	5	1
339168	394635	50.4	1026	5	1
339169	394636	80.85	1017	5	2
339170	394637	44.1	1018	5	1
339171	394638	31.5	1017	119	2
339172	394639	31.5	1017	120	3
339173	394640	31.5	1016	116	1
339174	394641	31.5	1016	119	1
339175	394642	31.5	1016	120	1
339176	394643	42	1017	191	1
339177	394644	106.05	1026	4	1
339178	394645	44.1	1018	5	1
339179	394646	74.55	1017	5	1
339180	394647	68.25	1017	5	1
339181	394648	26.25	1017	120	1
339182	394649	29.4	1017	120	1
339183	394650	29.4	1016	120	1
339184	394651	59.85	1017	3	1
339185	394652	12.08	1040	5	1
339186	394653	48.3	1017	2	1
339187	394654	112.2	1031	2	1
339188	394655	57.75	1017	5	1
339189	394656	25.2	1196	5	1
339190	394657	24.15	1162	5	1
339191	394658	64.05	1032	5	1
339192	394659	64.05	1033	5	1
339193	394660	43.05	1018	5	1
339194	394661	47.25	1018	5	1
339195	394662	47.25	1026	5	1
339196	394663	47.25	1016	5	1
339197	394664	47.25	1031	5	1
339198	394665	44.1	1016	5	2
339199	394666	65.1	1024	1	1
339200	394667	68.25	1017	5	1
339201	394668	86.1	1017	5	1
339202	394669	64.05	1018	5	1
339203	394670	74.55	1018	5	1
339204	394671	57.75	1018	5	1
339205	394672	92.4	1017	1	1
339206	394673	75.6	1025	4	1
339207	394674	116.55	1025	1	1
339208	394675	33.6	1025	1	1
339209	394676	54.6	1018	5	1
339210	394677	106.05	1018	5	1
339211	394678	54.6	1018	5	1
339212	394679	44.1	1016	197	1
339213	394680	4.73	1017	5	1
339214	394681	2.63	1017	5	1
339215	394682	5.78	2878	5	2
339216	394683	7.35	1173	5	1
339217	394684	54.6	1016	1	1
339218	394685	24.15	1162	5	1
339219	394686	97.65	2875	5	1
339220	394687	50.4	1018	5	3
339221	394688	136.5	1017	4	1
339222	394689	74.55	1027	5	1
339223	394690	2.63	1017	5	1
339224	394691	56.7	1018	5	1
339225	394692	4.73	1017	5	1
339226	394693	25.2	1196	5	1
339227	394694	43.05	1018	5	1
339228	394695	39.9	1028	5	1
339229	394696	81.9	1017	1	1
339230	394697	71.4	1016	5	1
339231	394698	28.35	1621	5	1
339232	394699	4.73	1017	5	1
339233	394700	22.05	1017	5	1
339234	394701	4.73	1017	5	1
339235	394702	60.9	2033	1	1
339236	394703	60.9	1040	5	1
339237	394704	75.6	1017	1	1
339238	394705	44.1	2875	5	1
339239	394706	47.25	1028	192	1
339240	394707	65.1	1018	5	1
339241	394708	78.75	1017	1	1
339242	394709	231	1016	1	1
339243	394710	136.5	1025	1	1
339244	394711	136.5	1025	2	1
339245	394712	178.5	1024	5	1
339246	394713	78.75	1018	1	1
339247	394714	78.75	1018	3	1
339248	394715	126	1016	2	1
339249	394716	168	1022	1	1
339250	394717	136.5	1026	2	1
339251	394718	189	1118	1	1
339252	394719	29.4	1017	119	1
339253	394720	29.4	1017	120	1
339254	394721	29.4	1016	116	1
339255	394722	29.4	1016	119	1
339256	394723	29.4	1016	120	1
339257	394724	26.25	1017	120	1
339258	394725	68.25	1017	5	1
339259	394726	44.1	1018	5	1
339260	394727	106.05	1026	4	1
339261	394728	31.5	1017	119	1
339262	394729	31.5	1017	120	2
339263	394730	31.5	1016	116	1
339264	394731	31.5	1016	120	1
339265	394732	44.1	1018	5	1
339266	394733	80.85	1017	5	2
339267	394734	50.4	1026	5	1
339268	394735	74.55	1027	5	1
339269	394736	53.55	1018	5	1
339270	394737	43.05	1018	5	1
339271	394738	43.05	1017	5	1
339272	394739	43.05	1040	5	1
339273	394740	54.6	1017	5	1
339274	394741	19.95	1196	5	1
339275	394742	21	1162	5	1
339276	394743	21	1196	5	1
339277	394744	25.2	1196	5	1
339278	394745	72.45	2033	4	1
339279	394746	50.4	1017	5	1
339280	394747	50.4	1119	5	1
339281	394748	33.6	1017	5	1
339282	394749	33.6	1018	5	1
339283	394750	33.6	1016	5	1
339284	394751	34.65	1017	5	1
339285	394752	33.6	1018	5	1
339286	394753	21	1196	5	1
339287	394754	19.95	1196	5	1
339288	394755	24.15	1162	5	1
339289	394756	40.95	1025	2	2
339290	394757	40.95	1025	3	1
339291	394758	25.2	1196	5	1
339292	394759	14.7	1030	5	1
339293	394760	29.4	1017	116	1
339295	394761	5.25	1017	5	1
339296	394762	44.1	1018	5	1
339297	394763	114.45	1017	4	1
339298	394764	114.45	1017	1	1
339299	394765	75.6	1119	4	1
339300	394766	75.6	1119	1	1
339301	394767	75.6	1017	5	1
339302	394768	75.6	1018	5	1
339303	394769	42	1025	1	1
339304	394770	75.6	1017	5	1
339305	394771	75.6	1018	5	1
339306	394772	75.6	1016	5	1
339307	394773	81.9	1017	5	1
339308	394774	81.9	1016	5	1
339309	394775	21	1196	5	1
339310	394776	81.9	1017	1	1
339311	394777	148.05	1028	4	1
339312	394778	89.25	1025	4	1
339313	394779	42	1025	5	1
339314	394780	57.75	1031	5	1
339315	394781	38.85	1018	5	1
339316	394782	29.4	1021	5	1
339317	394783	64.05	1432	20	1
339318	394784	158.55	1026	5	1
339319	394785	39.9	1017	5	3
339320	394786	147	1018	4	1
339321	394787	186.9	1017	1	1
339322	394788	75.6	1015	5	1
339323	394789	44.1	1016	5	3
339324	394790	37.8	1017	1	1
339325	394791	44.1	1017	1	3
339326	394792	44.1	1017	2	3
339327	394793	11.03	1017	5	1
339328	394794	11.03	1018	5	1
339329	394795	158.55	1028	5	1
339330	394796	22.05	2480	5	1
339331	394797	85.05	1024	2	1
339332	394798	36.75	1017	1	1
339333	394799	39.9	1017	5	1
339334	394800	63	1018	1	1
339335	394801	63	1018	2	1
339336	394802	4.73	1017	5	2
339337	394803	5.25	1017	5	1
339338	394804	58.8	1018	5	1
339339	394805	58.8	1016	5	1
339340	394806	49.35	1018	5	1
339341	394807	49.35	1028	5	1
339342	394808	33.6	1017	5	1
339343	394809	33.6	1028	5	2
339344	394810	33.6	1071	5	2
339345	394811	48.3	1025	5	1
339346	394812	42	1017	5	1
339347	394813	60.9	1025	2	1
339348	394814	44.1	1017	5	1
339349	394815	44.1	1278	5	1
339350	394816	44.1	1028	5	1
339351	394817	4.73	1017	5	1
339352	394818	2.63	1017	5	1
339353	394819	3.68	1017	5	1
339354	394820	39.9	1017	5	1
339355	394821	57.75	1017	2	1
339356	394822	60.9	1017	4	1
339357	394823	60.9	1017	1	1
339358	394824	60.9	1017	2	1
339359	394825	30.45	1071	5	1
339360	394826	30.45	1084	5	1
339361	394827	75.6	1017	5	1
339362	394828	21	1162	5	1
339363	394829	45.15	1017	2	1
339364	394830	32.55	1024	5	1
339365	394831	40.95	1016	3	1
339366	394832	40.95	1084	3	1
339367	394833	35.7	1017	5	1
339368	394834	59.85	1017	4	1
339369	394835	210	1031	1	1
339370	394836	43.05	1017	5	1
339371	394837	43.05	1018	5	2
339372	394838	43.05	1015	5	1
339373	394839	24.15	1017	5	1
339374	394840	24.15	1018	5	1
339375	394841	44.1	1017	5	1
339376	394842	44.1	1015	5	1
339377	394843	65.1	1017	5	1
339378	394844	65.1	2033	5	1
339379	394845	50.4	1278	5	1
339380	394846	43.05	1017	5	1
339381	394847	43.05	1018	5	1
339382	394848	44.1	1029	4	1
339383	394849	44.1	1029	1	1
339384	394850	44.1	1029	2	1
339385	394851	39.9	1017	5	1
339386	394852	39.9	1028	5	1
339387	394853	65.1	1541	4	1
339388	394854	65.1	1541	1	1
339389	394855	65.1	1541	2	1
339390	394856	33.6	1017	5	1
339391	394857	43.05	1017	4	1
339392	394858	43.05	1017	1	1
339393	394859	43.05	1017	2	1
339394	394860	47.25	1017	4	1
339395	394861	47.25	1017	1	1
339396	394862	32.55	1017	5	2
339397	394863	32.55	1278	5	1
339398	394864	9.45	1017	5	1
339399	394865	21	1162	5	1
339400	394866	21	1196	5	1
339401	394867	12.08	1196	5	1
339402	394868	14.7	1017	5	1
339403	394869	14.7	1018	5	1
339404	394870	4.73	1017	5	1
339405	394871	74.55	1028	5	1
339406	394872	56.7	1018	5	1
339407	394873	120.75	1025	2	1
339408	394874	186.9	2682	4	1
339409	394875	186.9	2682	1	1
339410	394876	186.9	1024	1	1
339411	394877	133.35	1040	1	2
339412	394878	43.05	1017	5	1
339413	394879	43.05	1018	5	2
339414	394880	43.05	1015	5	1
339415	394881	24.15	1017	5	1
339416	394882	24.15	1018	5	1
339417	394883	44.1	1017	5	1
339418	394884	44.1	1015	5	1
339419	394885	65.1	1017	5	1
339420	394886	65.1	2033	5	1
339421	394887	50.4	1278	5	1
339422	394888	43.05	1017	5	1
339423	394889	43.05	1018	5	1
339424	394890	44.1	1029	4	1
339425	394891	44.1	1029	1	1
339426	394892	44.1	1029	2	1
339427	394893	39.9	1017	5	1
339428	394894	39.9	1028	5	1
339429	394895	65.1	1541	4	1
339430	394896	65.1	1541	1	1
339431	394897	65.1	1541	2	1
339432	394898	33.6	1017	5	1
339433	394899	33.6	1278	5	1
339434	394900	33.6	1028	5	1
339435	394901	43.05	1017	4	1
339436	394902	43.05	1017	1	1
339437	394903	43.05	1017	2	1
339438	394904	47.25	1017	4	1
339439	394905	47.25	1017	1	1
339440	394906	32.55	1017	5	2
339441	394907	32.55	1278	5	1
339442	394908	121	1016	2	1
339443	394909	19.95	1196	5	1
339444	394910	39.9	1356	187	1
339445	394911	32.55	1016	191	1
339446	394912	29.4	1017	5	1
339447	394913	51.45	1025	5	1
339448	394914	32.55	1016	5	1
339449	394915	39.9	1018	5	1
339450	394916	56.7	1324	5	1
339451	394917	21	1162	5	1
339452	394918	21	1162	5	1
339453	394919	53.55	1018	1	1
339454	394920	24.15	1018	5	1
339455	394921	32.55	1017	2	1
339456	394922	21	1162	5	1
339457	394923	34.65	1018	5	1
339458	394924	71.4	1017	4	1
339459	394925	22.05	1017	5	1
339460	394926	43.05	1015	191	1
339461	394927	19.95	1196	5	1
339462	394928	25.2	1196	5	1
339463	394929	21	1016	5	1
339464	394930	35.7	1025	5	1
339465	394931	4.73	1017	5	2
339466	394932	7.35	1172	5	1
339467	394933	7.35	1292	5	1
339468	394934	4.2	1017	5	1
339469	394935	9.45	1017	5	1
339470	394936	5.25	1017	5	1
339471	394937	47.25	1025	191	1
339472	394938	15.75	1196	5	1
339473	394939	46.2	1016	191	1
339474	394940	14.7	1071	5	1
339475	394941	39.9	1017	5	1
339476	394942	60.9	1031	4	1
339477	394943	42	1018	5	1
339478	394944	27.3	1017	5	1
339479	394945	25.2	1196	5	1
339480	394946	19.95	1196	5	1
339481	394947	21	1196	5	1
339482	394948	65.1	1781	1	1
339483	394949	117.6	1025	4	1
339484	394950	141.75	1152	2	1
339485	394951	262.5	1025	1	1
339486	394952	110.25	1017	2	1
339487	394953	147	1018	1	1
339488	394954	183.75	1022	2	1
339489	394955	183.75	1022	3	1
339490	394956	113.4	1018	4	1
339491	394957	141.75	1028	5	1
339492	394958	3.68	1017	5	3
339493	394959	9.45	1017	5	1
339494	394960	12.08	1196	5	2
339495	394961	2.63	1017	5	3
339496	394962	24.15	1018	5	1
339497	394963	44.1	1278	5	1
339498	394964	50.4	1026	5	1
339499	394965	7.35	1321	5	1
339500	394966	28.35	1017	4	1
339501	394967	85.05	1025	5	1
339502	394968	117.6	1025	2	1
339503	394969	12.08	1196	5	2
339504	394970	39.9	1017	5	2
339505	394971	65.1	1017	5	1
339506	394972	65.1	1018	5	1
339507	394973	85.05	1026	5	1
339508	394974	54.6	1018	5	2
339509	394975	50.4	1018	5	2
339510	394976	75.6	1017	1	1
339511	394977	85.05	1025	5	1
339512	394978	40.95	1016	2	1
339513	394979	24.15	1162	5	1
339514	394980	23.1	2883	5	1
339515	394981	32.55	1017	2	1
339516	394982	54.6	1026	5	1
339517	394983	19.95	1196	5	1
339518	394984	23.1	1017	5	12
339519	394985	29.4	2033	4	13
339520	394986	29.4	1016	5	12
339521	394987	29.4	1017	5	18
339522	394988	29.4	1017	5	15
339523	394989	30.45	1017	5	9
339524	394990	54.6	1017	5	13
339525	394991	65.1	1025	4	10
339526	394992	65.1	1018	5	10
339527	394993	65.1	1017	5	10
339528	394994	39.9	1017	5	1
339529	394995	18.9	1018	5	1
339530	394996	18.9	1077	5	1
339531	394997	56.7	1324	5	1
339532	394998	44.1	1196	5	1
339533	394999	44.1	1017	5	1
339534	395000	85.05	1025	5	1
339535	395001	75.6	1017	1	1
339536	395002	85.05	1017	5	2
339537	395003	81.9	1017	1	1
339538	395004	81.9	1017	2	1
339539	395005	21	1196	5	1
339540	395006	43.05	1018	5	1
339541	395007	131.25	1018	4	1
339542	395008	47.25	1040	5	1
339543	395009	29.4	1017	5	1
339544	395010	29.4	1025	5	1
339545	395011	29.4	1016	116	1
339546	395012	54.6	1028	4	1
339547	395013	158.55	1018	4	1
339548	395014	33.6	1017	5	1
339549	395015	33.6	1028	5	1
339550	395016	33.6	1084	5	1
339551	395017	29.4	1017	5	1
339552	395018	29.4	1025	5	1
339553	395019	50.4	1017	192	1
339554	395020	47.25	1028	192	1
339555	395021	49.35	1017	4	1
339556	395022	54.6	1018	1	2
339557	395023	26.25	1018	5	1
339558	395024	32.55	1025	1	1
339559	395025	57.75	1017	1	1
339560	395026	44.1	1017	5	1
339561	395027	44.1	1028	5	1
339562	395028	11.03	1017	5	1
339563	395029	11.03	1018	5	1
339564	395030	2.63	1017	5	1
339565	395031	15.75	1196	5	1
339566	395032	4.73	1017	5	1
339567	395033	9.45	1017	5	1
339568	395034	18.9	1017	5	1
339569	395035	18.9	1018	5	1
339570	395036	51.45	1025	1	1
339571	395037	65.1	1236	5	1
339572	395038	47.25	1017	4	1
339573	395039	157.5	1017	4	1
339574	395040	65.1	1026	5	1
339575	395041	32.55	1025	4	1
339576	395042	57.75	1017	1	1
339577	395043	60.9	1027	5	1
339578	395044	78.75	1033	4	1
339579	395045	113.4	1026	4	1
339580	395046	89.25	1025	1	1
339581	395047	24.15	1017	5	1
339582	395048	24.15	1018	5	1
339583	395049	44.1	1017	5	1
339584	395050	44.1	1028	5	1
339585	395051	45.15	1017	5	1
339586	395052	85.05	1032	1	1
339587	395053	75.6	1017	5	1
339588	395054	47.25	1025	1	1
339589	395055	54.6	1018	5	1
339590	395056	54.6	1015	5	1
339591	395057	43.05	1017	4	1
339592	395058	43.05	1017	1	1
339593	395059	48.3	1018	1	1
339594	395060	44.1	1072	5	1
339595	395061	42	1017	5	1
339596	395062	137.55	1017	1	1
339597	395063	105	1017	1	1
339598	395064	55.65	1017	10	1
339599	395065	33.6	1017	1	1
339600	395066	33.6	1028	1	1
339601	395067	54.6	1018	1	1
339602	395068	54.6	1018	3	1
339603	395069	43.05	1017	1	1
339604	395070	50.4	1017	1	1
339605	395071	50.4	1018	1	1
339606	395072	81.9	1018	5	1
339607	395073	81.9	1019	5	1
339608	395074	44.1	1018	5	1
339609	395075	44.1	1016	5	1
339610	395076	36.75	1162	119	1
339611	395077	47.25	1023	2	1
339612	395078	65.1	1032	1	1
339613	395079	71.4	1018	5	1
339614	395080	138.6	1017	1	1
339615	395081	26.25	1278	5	1
339616	395082	40.95	1033	2	1
339617	395083	24.15	1017	5	1
339618	395084	56.1	1018	2	1
339619	395085	42	2792	119	1
339620	395086	50.4	1017	1	2
339621	395087	44.1	1602	5	1
339622	395088	50.4	1040	5	1
339623	395089	68.25	1278	5	1
339624	395090	54.6	1017	5	1
339625	395091	39.9	1018	5	2
339626	395092	39.9	1040	5	1
339627	395093	43.05	1017	5	2
339628	395094	43.05	1018	5	2
339629	395095	21	1196	5	1
339630	395096	23.1	1017	5	1
339631	395097	54.6	1162	5	1
339632	395098	93.45	1017	5	1
339633	395099	36.75	1017	5	1
339634	395100	36.3	1025	2	1
339635	395101	168	1024	1	1
339636	395102	60.9	1017	5	1
339637	395103	60.9	1018	5	1
339638	395104	60.9	1970	5	1
339639	395105	86.1	1018	5	1
339640	395106	86.1	1033	5	1
339641	395107	96.6	1028	5	1
339642	395108	37.8	1018	5	1
339643	395109	44.1	1017	5	1
339644	395110	44.1	1028	5	1
339645	395111	41.8	1017	5	1
339646	395112	41.8	1018	5	1
339647	395113	19.95	1017	5	1
339648	395114	19.95	1018	5	1
339649	395115	54.6	1017	5	1
339650	395116	54.6	1018	5	1
339651	395117	93.45	1017	5	1
339652	395118	75.6	1017	5	1
339653	395119	60.9	1017	5	1
339654	395120	60.9	1018	5	1
339655	395121	86.1	1017	5	1
339656	395122	65.1	1017	5	1
339657	395123	54.6	1017	5	1
339658	395124	95.55	1017	5	1
339659	395125	50.4	1018	5	1
339660	395126	50.4	1015	5	1
339661	395127	26.25	1017	5	1
339662	395128	26.25	2033	5	1
339663	395129	53.55	1018	5	1
339664	395130	53.55	1028	5	1
339665	395131	39.9	1018	5	1
339666	395132	43.05	1017	5	1
339667	395133	43.05	1028	5	1
339668	395134	37.8	1025	5	1
339669	395135	75.6	1028	5	1
339670	395136	73.5	1019	5	1
339671	395137	34.65	1028	5	2
339672	395138	96.6	1026	5	1
339673	395139	50.4	1026	190	1
339674	395140	47.25	1040	5	1
339675	395141	136.5	1028	1	1
339676	395142	136.5	1970	1	1
339677	395143	54.6	1018	1	1
339678	395144	152.25	1024	1	1
339679	395145	74.55	1031	4	1
339680	395146	74.55	1031	1	1
339681	395147	40.95	1026	5	1
339682	395148	26.25	1018	5	2
339683	395149	43.05	1018	5	1
339684	395150	33.6	1018	5	1
339685	395151	56.7	1017	5	1
339686	395152	56.7	1324	5	1
339687	395153	32.55	1028	5	1
339688	395154	21	1018	5	1
339689	395155	155.4	1018	1	1
339690	395156	54.6	1024	1	1
339691	395157	44.1	1029	1	1
339692	395158	44.1	1352	2	1
339693	395159	33.6	1018	5	1
339694	395160	71.4	1025	1	1
339695	395161	21	1018	5	1
339696	395162	81.9	1017	5	1
339697	395163	81.9	1018	5	1
339698	395164	92.4	2033	1	1
339699	395165	60.9	1018	1	1
339700	395166	43.05	1018	5	1
339701	395167	47.25	1017	5	1
339702	395168	60.9	1016	1	1
339703	395169	43.05	1015	5	1
339704	395170	42	2033	5	1
339705	395171	29.4	1040	2	1
339706	395172	136.5	2159	1	1
339707	395173	131.25	1018	1	1
339708	395174	40.95	1025	2	1
339709	395175	40.95	1025	3	1
339710	395176	40.95	1031	2	1
339711	395177	42	1025	3	1
339712	395178	56.7	1018	5	1
339713	395179	178.5	1027	2	1
339714	395180	178.5	1686	2	1
339715	395181	68.25	1017	2	1
339716	395182	30.45	1071	5	1
339717	395183	59.85	1017	3	1
339718	395184	86.1	1017	4	1
339719	395185	39.9	1017	1	1
339720	395186	39.9	1017	2	1
339721	395187	39.9	1017	3	1
339722	395188	21	1018	5	1
339723	395189	33.6	1018	5	1
339724	395190	33.6	1016	5	1
339725	395191	37.8	1017	1	1
339726	395192	37.8	1017	2	1
339727	395193	37.8	1017	3	1
339728	395194	81.9	1040	5	1
339729	395195	21	1196	5	1
339730	395196	44.1	1017	3	2
339731	395197	81.9	1018	5	1
339732	395198	14.7	1017	5	2
339733	395199	37.8	1017	2	1
339734	395200	30.45	1018	5	1
339735	395201	4.73	1017	5	1
339736	395202	17.32	1162	5	1
339737	395203	44.1	1026	5	1
339738	395204	57.75	1018	5	1
339739	395205	4.73	1017	5	1
339740	395206	64.05	1432	10	1
339741	395207	65.1	2033	5	1
339742	395208	115.5	1432	10	1
339743	395209	26.25	1151	5	1
339744	395210	24.15	1162	5	1
339745	395211	4.73	1017	5	1
339746	395212	17.32	1162	5	1
339747	395213	35.7	1025	5	1
339748	395214	35.7	2875	5	1
339749	395215	35.7	1016	5	1
339750	395216	24.15	1018	5	1
339751	395217	4.73	1017	5	1
339752	395218	74.55	1031	4	1
339753	395219	5.25	1017	5	1
339754	395220	21	1018	5	1
339755	395221	75.6	1017	5	1
339756	395222	75.6	1018	5	1
339757	395223	75.6	1019	5	1
339758	395224	75.6	1028	5	1
339759	395225	75.6	1017	5	1
339760	395226	75.6	1031	5	1
339761	395227	21	1162	5	1
339762	395228	39.9	1017	5	1
339763	395229	64.05	1025	5	1
339764	395230	99	1018	3	1
339765	395231	41.8	1017	5	1
339766	395232	41.8	1018	5	1
339767	395233	31.5	1018	5	2
339768	395234	136.5	1018	4	1
339769	395235	136.5	1018	1	1
339770	395236	136.5	1018	2	1
339771	395237	64.05	1025	4	1
339772	395238	17.32	1162	5	1
339773	395239	39.9	1016	5	1
339774	395240	39.9	1019	5	1
339775	395241	64.05	1016	1	1
339776	395242	64.05	1019	4	1
339777	395243	14.7	1017	5	3
339778	395244	39.9	1031	5	1
339779	395245	43.05	1018	5	1
339780	395246	60.9	1027	1	1
339781	395247	65.1	1026	5	1
339782	395248	85.05	1026	5	1
339783	395249	60.9	1017	5	1
339784	395250	56.1	1017	2	1
339785	395251	33.6	1016	5	1
339786	395252	56.7	1017	5	1
339787	395253	44.1	1017	5	1
339788	395254	6.3	1017	5	5
339789	395255	128.1	1028	5	1
339790	395256	75.6	1018	5	1
339791	395257	81.9	1033	1	1
339792	395258	54.6	1017	5	1
339793	395259	54.6	1026	5	1
339794	395260	29.4	1017	119	1
339795	395261	29.4	1017	120	1
339796	395262	29.4	1016	116	1
339797	395263	29.4	1016	119	1
339798	395264	29.4	1016	120	1
339799	395265	26.25	1017	120	1
339800	395266	68.25	1017	5	1
339801	395267	44.1	1018	5	1
339802	395268	106.05	1026	4	1
339803	395269	31.5	1017	116	1
339804	395270	31.5	1017	119	1
339805	395271	31.5	1017	120	3
339806	395272	31.5	1016	116	1
339807	395273	31.5	1016	120	1
339808	395274	44.1	1018	5	1
339809	395275	80.85	1017	5	2
339810	395276	50.4	1026	5	1
339811	395277	74.55	1027	5	1
339812	395278	53.55	1018	5	1
339813	395279	43.05	1018	5	1
339814	395280	43.05	1017	5	1
339815	395281	43.05	1040	5	1
339816	395282	54.6	1017	5	1
339817	395283	19.95	1196	5	2
339818	395284	21	1162	5	1
339819	395285	21	1196	5	1
339820	395286	25.2	1196	5	1
339821	395287	56.7	1017	5	1
339822	395288	75.6	1119	4	1
339823	395289	85.05	1040	5	1
339824	395290	23.1	1196	5	1
339825	395291	44.1	1602	5	1
339826	395292	30.45	1018	5	1
339827	395293	40.95	1018	5	1
339828	395294	52.8	1016	1	1
339829	395295	65.1	1016	5	1
339830	395296	65.1	1018	5	1
339831	395297	50.4	1040	5	1
339832	395298	59.85	1016	5	1
339833	395299	71.4	1026	5	1
339834	395300	71.4	1031	5	1
339835	395301	31.5	1033	4	1
339836	395302	31.5	1033	1	1
339837	395303	40.95	1032	4	1
339838	395304	40.95	1032	1	1
339839	395305	40.95	1033	4	1
339840	395306	40.95	1033	1	1
339841	395307	112.35	1017	4	1
339842	395308	74.55	2076	4	1
339843	395309	48.3	1025	5	1
339844	395310	29.4	1017	5	1
339845	395311	29.4	1018	5	1
339846	395312	81.9	1018	5	1
339847	395313	81.9	1016	5	1
339848	395314	81.9	1026	5	1
339849	395315	107.8	1024	5	1
339850	395316	168	1022	4	1
339851	395317	231	1024	4	1
339852	395318	102.9	1025	5	1
339853	395319	102.9	1026	5	1
339854	395320	49.35	1017	4	1
339855	395321	49.35	1018	4	1
339856	395322	33.6	1017	5	1
339857	395323	33.6	1018	5	1
339858	395324	33.6	1026	5	1
339859	395325	18.9	1017	5	5
339860	395326	18.9	1018	5	5
339861	395327	75.6	1017	4	1
339862	395328	60.9	1017	5	1
339863	395329	60.9	1018	5	1
339864	395330	37.8	1196	5	1
339865	395331	33.6	1017	5	1
339866	395332	33.6	1028	5	1
339867	395333	82.95	1026	5	1
339868	395334	22.05	1017	5	1
339869	395335	22.05	1018	5	1
339870	395336	33.6	2805	5	1
339871	395337	123.9	1017	5	1
339872	395338	32.55	1017	4	1
339873	395339	32.55	1017	1	1
339874	395340	81.9	2613	4	1
339875	395341	2.1	1017	4	1
339876	395342	2.1	1017	1	1
339877	395343	2.1	1026	4	1
339878	395344	2.1	1026	1	1
339879	395345	2.1	1335	4	1
339880	395346	2.1	1335	1	1
339881	395347	2.1	1472	4	1
339882	395348	44.1	1196	5	1
339883	395349	26.25	1018	5	1
339884	395350	29.4	1018	5	1
339885	395351	5.78	2878	5	1
339886	395352	81.9	1017	13	1
339887	395353	44.1	2875	5	1
339888	395354	56.7	1324	5	1
339889	395355	60.9	1018	5	1
339890	395356	139.65	1018	13	1
339891	395357	60.9	1018	4	1
339892	395358	47.25	1017	1	1
339893	395359	60.9	1027	5	1
339894	395360	43.05	1015	5	1
339895	395361	26.25	1017	116	1
